正解を少しだけずらしたときは？

逆行列を持たないじゃないことを確認？　とくいじゃないことを確認

検算の設定で、ゆざとあいてむを固定して
とくせんけいじゅうかいきもんだいは、説明変数２で目的１の

8.401877e-01 3.943829e-01 3.863524e+00
7.830992e-01 7.984400e-01 4.961519e+00
9.116474e-01 1.975514e-01 3.415949e+00
3.352228e-01 7.682296e-01 3.975134e+00
2.777747e-01 5.539700e-01 3.217459e+00
4.773971e-01 6.288709e-01 3.841407e+00
3.647845e-01 5.134009e-01 3.269772e+00
9.522297e-01 9.161951e-01 5.653045e+00
6.357117e-01 7.172969e-01 4.423314e+00
1.416026e-01 6.069689e-01 3.104112e+00

プログラムでとくのと
線形重回帰用のプログラムでとく。